-1.541720379288697540e+00
-1.599052223083695212e+00
-1.583571083978303928e+00
-1.495143603526334797e+00
-1.827834995451034450e+00
-1.556426522804686963e+00
-1.709123831130058502e+00
-1.591732056750864821e+00
-1.441408685535672030e+00
-1.557909950843449964e+00
-1.600807662748567894e+00
-1.662919540322948864e+00
-1.458027118003796030e+00
-1.698182560656706253e+00
-6.834868232862167936e-01
-1.558811999195805598e+00
-1.835674251689966896e+00
-1.487494620105893617e+00
-1.687200738256656063e+00
-1.741706482773284437e+00
-1.457669382537165381e+00
-1.683227367524851470e+00
-1.617935269154376909e+00
-1.595327868442340646e+00
-1.815301687593491531e+00
-1.524461712645095002e+00
-1.601901519878888402e+00
-1.476229850305285085e+00
-1.622074474595296634e+00
-1.677653598272949242e+00
-1.458946469473129559e+00
-1.517606858564680472e+00
-1.366661232034578566e+00
-1.549349200821311889e+00
-1.656522998824381254e+00
-1.532333636578158353e+00
-1.112073668041010821e+00
-1.508933625245422627e+00
-1.665087812462066719e+00
-1.570746025987074024e+00
-1.539775715038329551e+00
-1.833636847764199995e+00
-1.646553853617902963e+00
-1.756239914421036552e+00
2.259598148541947182e+00
-1.520796440151893192e+00
-1.724322340941735199e+00
-1.705997377030597173e+00
-1.764858356401948214e+00
-1.661318228238740646e+00
-1.787900662138848018e+00
-1.588354103188281297e+00
-1.528250036888589181e+00
-1.562588887902840673e+00
-1.783086550968949968e+00
2.774445322039559292e-01
-1.624624601415586733e+00
-1.829012791907393520e+00
-1.808438660985313140e+00
-1.785559748383909850e+00
-1.760900031845450409e+00
-1.545935246105466732e+00
-1.563079580393975432e+00
-1.653773132324342754e+00
-1.787272831333193146e+00
-1.424703811805481113e+00
-1.495075741979061013e+00
-1.721692289546596033e+00
-1.821574571259855890e+00
-1.377293869377787194e+00
-1.701633512685650773e+00
-1.178354822718711059e+00
-1.439116519649838999e+00
-1.906288830521124966e+00
-1.428247920961165374e+00
-1.820251177627572936e+00
-1.493995165022632188e+00
-1.544418013986635918e+00
-1.621309923558671651e+00
-1.584893267957401042e+00
-1.626337533036077421e+00
-1.674636511324032684e+00
-1.788864959896315998e+00
1.479065359054794859e+00
